north: 4103632.2491216
south: 4103542.2433688
east: 304009.42819451
west: 303919.42244176
rows: 3
cols: 3
1 1 1 
1 1 1 
1 1 1 
