north: 4103632.24912155
south: 4103542.2433688
east: 304009.4281945
west: 303919.42244176
rows: 3
cols: 3
* * * 
* 1 * 
* * * 
