north: 4103632.2491216
south: 4103542.2433688
east: 304009.42819451
west: 303919.42244176
rows: 3
cols: 3
13319 13320 13321 
13485 13486 13487 
13646 13647 13648 
